, 8011010

110 1001.

80111111 1111011. 8111101, 0011. 01101 F. S. 2 8101111011 101. 0101110 11111111.11 1111111011,
1111001. 1111111. poem. 111111.

- 111111011111. 8101111. - 1111111011. 000111011. 2

-11011001111 001101111111. ’ 81101111111 11110. 110110 1 1101110111.

- Potin 0011011100 11 10011. 1111. 111111.

- ἓίο 1011. (10101011. 111111. 8111101 8111. 1011100 1111111. 111111.

- 0101. (101011. 111111. 811111 1101. 8111111011 1 01110110 101111

- 01. 101111. 1010111.

- 1111110 001111110110010111111111. 811000011 Τ. 1101111101 0101. 0011. 1101·

80111111 .W. 1111101101. 80111101, 111110. 001101. ’

8111111111. W. F. 80111011111011. 11011. 80110110111111111.1111111111. 111111..

80111111 11001. 1111010 1011111. 11111. 80111 republ. 01111. (1010111.

-1110111001111110111, 001011. 8110101. Pe· So 0011 11111 1101. 0111010. 111 111111. .
10111110. 8011110101111101. (1010. 11101. 1011014

- 11111 011011. 001110111011111111. 11 1111001. 111011. 1

- Uw 101111. 110 11010100 10 1101010. -1110010110111 111101. 111111. 1
101011. 8011111101 1101. 101 11100111 000001. 11110-

8011011101 1111011111 w 11111. 001 magna:
101. 1101111111. 111111. 801011 10101. 11101.

- 8111010110101 1111111 1011111. 11111111. 8 001111 1111101111 10 Ι11110 1. 111111.

- Ο 10101101 011111100111811 111111. 8011111 001101011101101. 111111

8010011111, 1101. 1111001 01101010. 111111. 80111110 311) 1011011111. 1011.

80101101100111010 11111. 1 1011. testam. 80111101 ,10101111111101111110 111111.
Ρο11. -- tow. 0111 1111011. 11110. 11111.

801011111101181110. 111111. - 1 0101. tow. 11010110-’011111

Schwartz 2011. 11011111 110111110111. -1010110111111111111 1. Ι
111111. - 1)01.11111111111111111.11 11101110.

801001111111111111111101011011.1010· - 110101111011011011011 111110

, 1110111. 8011. -11011011111111, 00100011111.11.1011.

80 111011. 0 1110010 1 11101. 1010. 111111. -· 101111. 11000111. tow. 1111111101.
-101111111011 11111 - 1101111. 1011. 011101. 0011. 1111101.

80111111 10801111. 1 11011. 10111, 111111. - 11011111. doeg. do 10111111. 1101. 10111110

- 0 111010111010 1 011111. 111101. 11101101. 11111. ·

fletlihngfirgn 10111. 1101. 1111. 11111. - Κ1011015101 1111101111. 0011000 11 [11111110.
01. w 11. 11 w.

¹ - Googr. 1101111. ’11110001 -1101001, 14101. 10111. 1111111. 811.

1 (11101. 810010101111 011010- 111111.
guo. 1111. ·- (01010110) 1001. 01011. 111. 111111. w·
801011011110· Δ.,Ρ111 8111110, 111101. 11101110. .
8111111111111 (1110110111 811011. 11111. ἶ 111111181ω111111111011η1111111.
· 801001 11111 Leon. 8111101 11111 11111110, 8011110 1011111. 10110111. 1101. Β. (11101011
10 1111111110. Bmx. 111. (1010111 ῃ
8111011111ῗ1111. 8100101111 1.. 1101011 10 111. 1010111
8101101111 110. 11010 111. 00101010 11110· 11111. 11111.
111 1111101111. v 11010. 8101111 Α. 11100111. 1 0011. 10 111011
811103111111101111111110110101. 10111- 8111111ὴ1110 1110011010 101 Polou 11111-
lit. m 11111. 80101. 11011101. 11011.
81010011111 T. (1111111011 111110 111111. 8111110111 1111. Β1101111111 100. 01001·
81110111 0011111111. 1111111. 10111011. 1111111.
811101 1101111. 81110. 111111. 8111110111 11110. Ο 1111110 0010111011
81010 011110 11101. 11111111. 11011. 11111. “
8111111001110011000 111101. 80011011. ἓ811110111).11101011110100. 11111111.
8111101111. 11110 001111 1100100. 1111. 1110111110 110101101111110010. 1011.
8111111111 1011. Ρο1111111 111 1111110101. 8111 1111 J. A. Bibliotheca 1111101801.
111011. ⁰ 8101101 111. 1111111. hist. 111. 11011111
8111101001010111111111 11όο 1111011 111101. ,
111. 111111. ¹ 811111 11111111 0111101111. 101010. 11 10011·
81111011. 1111111110. 11111 Κ1111111.
8111110 1110. 110101, 00011 11. (1100111111. -01010111110111111 ,
111111. - 1110 11111. 0011. 0110100111. 11111.
8110111111 110111. 11101110 0. Δ. 8011- - 11011. 1111101111. 001100110111011. 111111.
1110111011. 111111. - stow. 111110 ogn. 001011. 111111.
8111101 nugo. 1111110111. 11101001. 81011 - 111110 00101. ogniow. 1111111.

8111111100. 10110101 111 1111001. (1101101. -- 1011. 1110111.11010011 1111111.

 

